******************** SOURCE DATA ********************
PULSE 1 VOLTAGE =   1.0 +0.0j
CURRENT = (9.852265e-04 +1.479976e-03j)
IMPEDANCE = (3.116818e+02 -4.681986e+02j)
POWER = 4.926132e-04 WATTS